Valores izquierda (0 a -179 grados):
Angle  Modulo  Coord_x Coord_y:
0 0.55649 0 0.55649
-1 0.544198 -0.00952402 0.544114
-2 0.550148 -0.0192534 0.549811
-3 0.539666 -0.0283225 0.538922
-4 0.550522 -0.0385093 0.549174
-5 0.54399 -0.0475436 0.541909
-6 0.573342 -0.0600969 0.570184
-7 0.571845 -0.0698836 0.567559
-8 0.562484 -0.0784993 0.55698
-9 0.56714 -0.0889655 0.560119
-10 0.573082 -0.099789 0.564327
-11 0.58332 -0.111609 0.572543
-12 0.582312 -0.121402 0.569516
-13 0.570745 -0.128741 0.556036
-14 0.578329 -0.140293 0.561055
-15 0.590737 -0.15331 0.570496

Valors dreta (1 a 180 graus):
Angle  Modul  Coord_x Coord_y:
1 0.534733 0.00935838 0.534651
2 0.527632 0.0184654 0.527309
3 0.544144 0.0285576 0.543394
4 0.561536 0.0392797 0.560161
5 0.5413 0.0473085 0.539229
6 0.525981 0.0551327 0.523084
7 0.530843 0.0648729 0.526864
8 0.538331 0.0751286 0.533063
9 0.532599 0.083547 0.526005
10 0.534378 0.0930496 0.526214
11 0.550349 0.1053 0.540181
12 0.544247 0.113466 0.532288
13 0.535776 0.120853 0.521968
14 0.515692 0.125098 0.500289
15 0.540709 0.140327 0.522182
16 0.558928 0.15448 0.537157
17 0.533183 0.156309 0.509757
18 0.537831 0.166647 0.511362
19 0.539878 0.176239 0.510302
20 0.566279 0.194196 0.53194
21 0.529884 0.190398 0.494495
22 0.542033 0.203587 0.502346
23 0.543765 0.213026 0.500301
24 0.532318 0.217081 0.486044
25 0.538401 0.228131 0.48768
26 0.55665 0.244652 0.500005
27 0.576941 0.262601 0.513714
28 0.556171 0.261775 0.490713
29 0.565381 0.274799 0.494107
30 0.567329 0.284381 0.490907
31 0.543552 0.280652 0.465492
32 0.569285 0.302426 0.482311
33 0.580234 0.316799 0.486118
34 0.559572 0.313675 0.463388
35 0.597091 0.343309 0.488525
Pendents (m), Intersecció (b), Distància entre extrems (m)
-0.193771, 0.544025, 0.505857
x_extrem_izq: -0.15331
y_extrem_izq: 0.509732
x_extrem_der: 0.343309
y_extrem_der: 0.413502
Resultats càlculs trigonomètrics:
giro_inicial (radians): -0.208366
giro_inicial (graus): -11.9385
avance: 0.321306
giro_final (radians): 0.0169638
giro_final (graus): 0.971956
alfa (radians): 1.36243
alfa (graus): 78.0617
tecta (radians): 1.3794
tecta (graus): 79.0336
Pdx: 0.0664647
Pdy: 0.314356
M_PI_2: 1.5708
M_PI: 3.14159
