Valores izquierda (0 a -179 grados):
Angle  Modulo  Coord_x Coord_y:
0 0.56684 0 0.56684
-1 0.574936 -0.010062 0.574848
-2 0.577859 -0.0202232 0.577505
-3 0.567549 -0.0297859 0.566766
-4 0.537665 -0.03761 0.536348
-5 0.548473 -0.0479355 0.546375
-6 0.555503 -0.0582271 0.552443
-7 0.542942 -0.0663514 0.538872
-8 0.552777 -0.0771446 0.547367
-9 0.53671 -0.084192 0.530066
-10 0.538216 -0.0937179 0.529993
-11 0.540393 -0.103395 0.530409
-12 0.531562 -0.110821 0.519882
-13 0.547767 -0.123558 0.53365
-14 0.543098 -0.131746 0.526876
-15 0.517921 -0.134413 0.500175
-16 0.524161 -0.14487 0.503744
-17 0.541936 -0.158875 0.518125
-18 0.528504 -0.163757 0.502494
-19 0.519396 -0.169553 0.490943
-20 0.529797 -0.181685 0.49767
-21 0.539956 -0.194018 0.503894
-22 0.535723 -0.201217 0.496498
-23 0.524606 -0.20552 0.482673
-24 0.536647 -0.218846 0.489996
-25 0.536487 -0.22732 0.485947
-26 0.52323 -0.229964 0.469986
-27 0.532252 -0.24226 0.473923
-28 0.535263 -0.251934 0.472267
-29 0.547228 -0.265976 0.478242
-30 0.557358 -0.279383 0.482279
-31 0.559309 -0.288788 0.478987
-32 0.563434 -0.299318 0.477354
-33 0.56552 -0.308765 0.47379
-34 0.5656 -0.317055 0.46838
-35 0.56253 -0.323438 0.460248
-36 0.564522 -0.332617 0.456126
-37 0.5608 -0.338303 0.447267
-38 0.554875 -0.342423 0.436616
-39 0.577403 -0.364222 0.448036
-40 0.584995 -0.376899 0.4474
-41 0.578824 -0.380613 0.436086
-42 0.590165 -0.395793 0.437771
-43 0.58848 -0.402242 0.429547
-44 0.573973 -0.399597 0.412027
-45 0.588064 -0.416733 0.414913
-46 0.607558 -0.437984 0.421067

Valors dreta (1 a 180 graus):
Angle  Modul  Coord_x Coord_y:
1 0.561231 0.00982211 0.561145
2 0.56838 0.0198914 0.568032
3 0.576108 0.0302351 0.575314
4 0.566279 0.0396115 0.564891
Pendents (m), Intersecció (b), Distància entre extrems (m)
0.333394, 0.563514, 0.503439
x_extrem_izq: -0.437984
y_extrem_izq: 0.353493
x_extrem_der: 0.0396115
y_extrem_der: 0.51272
Resultats càlculs trigonomètrics:
giro_inicial (radians): 0.480939
giro_inicial (graus): 27.5558
avance: 0.328017
giro_final (radians): -0.159133
giro_final (graus): -9.11767
alfa (radians): 1.08986
alfa (graus): 62.4442
tecta (radians): 1.24899
tecta (graus): 71.5619
Pdx: -0.151744
Pdy: 0.290807
M_PI_2: 1.5708
M_PI: 3.14159
