Valores izquierda (0 a -179 grados):
Angle  Modulo  Coord_x Coord_y:
0 0.487192 0 0.487192
-1 0.48444 -0.0084782 0.484366
-2 0.509126 -0.0178177 0.508814
-3 0.486759 -0.0255459 0.486088
-4 0.496424 -0.0347251 0.495208
-5 0.47615 -0.0416145 0.474328
-6 0.488329 -0.051186 0.485639
-7 0.482622 -0.0589799 0.479005
-8 0.499646 -0.0697298 0.494756
-9 0.476362 -0.0747254 0.470465
-10 0.472768 -0.0823217 0.465546
-11 0.475058 -0.0908948 0.466281
-12 0.48072 -0.100222 0.470157
-13 0.483913 -0.109155 0.471441
-14 0.490512 -0.118989 0.47586
-15 0.478392 -0.124154 0.462001
-16 0.483541 -0.133644 0.464706
-17 0.479167 -0.140474 0.458114
-18 0.483899 -0.149936 0.460085
-19 0.483063 -0.157692 0.456599
-20 0.456791 -0.156649 0.429091
-21 0.480142 -0.172525 0.448075
-22 0.478781 -0.179829 0.443725
-23 0.472151 -0.18497 0.43441
-24 0.485729 -0.198082 0.443505
-25 0.491016 -0.208053 0.444759
-26 0.488253 -0.214591 0.438568
-27 0.480456 -0.218684 0.427802
-28 0.495341 -0.233144 0.437043
-29 0.487818 -0.2371 0.426321
-30 0.495425 -0.248338 0.428689
-31 0.493633 -0.254877 0.422742
-32 0.507606 -0.26966 0.430055
-33 0.522059 -0.285036 0.437379
-34 0.488101 -0.273611 0.404202
-35 0.51244 -0.294638 0.419266
-36 0.515646 -0.303819 0.416635
-37 0.514444 -0.310339 0.410295
-38 0.507116 -0.31295 0.399035
-39 0.503891 -0.317851 0.390994
-40 0.524869 -0.338161 0.401416
-41 0.515524 -0.338989 0.388396
-42 0.519636 -0.348492 0.385454
-43 0.525549 -0.359226 0.383612

Valors dreta (1 a 180 graus):
Angle  Modul  Coord_x Coord_y:
1 0.502778 0.00879913 0.502701
2 0.504832 0.0176674 0.504523
3 0.476989 0.0250332 0.476332
4 0.506773 0.0354491 0.505532
5 0.507244 0.0443321 0.505303
6 0.517288 0.0542214 0.514438
7 0.518353 0.0633465 0.514468
8 0.518668 0.0723844 0.513592
9 0.513581 0.0805638 0.507223
10 0.510235 0.0888457 0.50244
11 0.535677 0.102493 0.525781
12 0.538774 0.112325 0.526935
13 0.551589 0.12442 0.537373
Pendents (m), Intersecció (b), Distància entre extrems (m)
0.281154, 0.495061, 0.502399
x_extrem_izq: -0.359226
y_extrem_izq: 0.330063
x_extrem_der: 0.12442
y_extrem_der: 0.466042
Resultats càlculs trigonomètrics:
giro_inicial (radians): 0.294018
giro_inicial (graus): 16.846
avance: 0.265024
giro_final (radians): -0.0199392
giro_final (graus): -1.14243
alfa (radians): 1.27678
alfa (graus): 73.154
tecta (radians): 1.29672
tecta (graus): 74.2964
Pdx: -0.076804
Pdy: 0.253651
M_PI_2: 1.5708
M_PI: 3.14159
