Valores izquierda (0 a -179 grados):
Angle  Modulo  Coord_x Coord_y:
0 0.49801 0 0.49801
-1 0.511587 -0.0089533 0.511509
-2 0.497932 -0.017426 0.497627
-3 0.497744 -0.0261224 0.497058
-4 0.516978 -0.0361629 0.515712
-5 0.505515 -0.044181 0.503581
-6 0.487695 -0.0511196 0.485009
-7 0.514349 -0.0628571 0.510493
-8 0.514511 -0.0718043 0.509476
-9 0.527546 -0.0827544 0.521015
-10 0.50943 -0.0887055 0.501647
-11 0.526699 -0.100776 0.516969
-12 0.523137 -0.109065 0.511642
-13 0.514529 -0.116061 0.501269
-14 0.527688 -0.128008 0.511927
-15 0.550636 -0.142903 0.53177
-16 0.546028 -0.150914 0.524759
-17 0.549038 -0.160957 0.524915

Valors dreta (1 a 180 graus):
Angle  Modul  Coord_x Coord_y:
1 0.487928 0.00853924 0.487853
2 0.477791 0.0167211 0.477498
3 0.481204 0.0252544 0.480541
4 0.496469 0.0347283 0.495253
5 0.508468 0.0444391 0.506522
6 0.495792 0.0519683 0.493061
7 0.491287 0.0600388 0.487605
8 0.47571 0.0663893 0.471055
9 0.466582 0.0731912 0.460806
10 0.487476 0.0848827 0.480029
11 0.498645 0.0954078 0.489433
12 0.485052 0.101125 0.474394
13 0.496064 0.111896 0.483279
14 0.467378 0.113378 0.453418
15 0.501503 0.130152 0.48432
16 0.491882 0.135949 0.472722
17 0.493547 0.144689 0.471862
18 0.49575 0.153608 0.471352
19 0.476251 0.155468 0.450161
20 0.503384 0.172627 0.472858
21 0.485497 0.174449 0.453073
22 0.499933 0.187774 0.46333
23 0.494769 0.193831 0.455221
24 0.50714 0.206813 0.463054
25 0.497752 0.210907 0.45086
26 0.508241 0.223376 0.456522
27 0.487805 0.22203 0.434347
28 0.513871 0.241865 0.453392
29 0.509683 0.247728 0.44543
30 0.50339 0.252331 0.435581
31 0.510754 0.263718 0.437405
32 0.510246 0.271062 0.432292
33 0.512982 0.28008 0.429774
34 0.52916 0.296627 0.438203
35 0.519518 0.298707 0.425057
36 0.539237 0.317719 0.435696
37 0.535449 0.32301 0.427048
Pendents (m), Intersecció (b), Distància entre extrems (m)
-0.199685, 0.4944, 0.493522
x_extrem_izq: -0.160957
y_extrem_izq: 0.46254
x_extrem_der: 0.32301
y_extrem_der: 0.3659
Resultats càlculs trigonomètrics:
giro_inicial (radians): -0.191016
giro_inicial (graus): -10.9444
avance: 0.272072
giro_final (radians): -0.00607991
giro_final (graus): -0.348353
alfa (radians): 1.37978
alfa (graus): 79.0558
tecta (radians): 1.3737
tecta (graus): 78.7075
Pdx: 0.0516537
Pdy: 0.267124
M_PI_2: 1.5708
M_PI: 3.14159
