Valores izquierda (0 a -179 grados):
Angle  Modulo  Coord_x Coord_y:
0 0.485636 0 0.485636
-1 0.50697 -0.0088725 0.506893
-2 0.484086 -0.0169414 0.483789
-3 0.497698 -0.02612 0.497013
-4 0.499675 -0.0349525 0.498451
-5 0.496974 -0.0434345 0.495072
-6 0.496253 -0.0520165 0.493519
-7 0.505542 -0.0617809 0.501753
-8 0.478801 -0.0668207 0.474116
-9 0.499961 -0.0784273 0.493772
-10 0.484043 -0.084285 0.476649
-11 0.5069 -0.0969872 0.497535
-12 0.499234 -0.104082 0.488264
-13 0.51556 -0.116293 0.502272
-14 0.48533 -0.117733 0.470834
-15 0.501595 -0.130176 0.484409
-16 0.513752 -0.141994 0.49374
-17 0.520977 -0.152731 0.498087
-18 0.493807 -0.153006 0.469505
-19 0.484389 -0.158125 0.457853
-20 0.512482 -0.175748 0.481405
-21 0.509871 -0.183207 0.475818
-22 0.49844 -0.187213 0.461945
-23 0.519728 -0.203609 0.478185
-24 0.502565 -0.204947 0.458878
-25 0.512518 -0.217164 0.464236
-26 0.520483 -0.228756 0.467518
-27 0.509707 -0.231998 0.453848
-28 0.528084 -0.248555 0.465932
-29 0.529618 -0.257417 0.462851
-30 0.534009 -0.267679 0.462075
-31 0.542471 -0.280094 0.464567
-32 0.531666 -0.282441 0.450439
-33 0.535497 -0.292373 0.448637
-34 0.555281 -0.31127 0.459835

Valors dreta (1 a 180 graus):
Angle  Modul  Coord_x Coord_y:
1 0.50904 0.00890873 0.508962
2 0.500913 0.0175303 0.500606
3 0.505365 0.0265224 0.504668
4 0.510955 0.0357415 0.509703
5 0.498561 0.0435732 0.496653
6 0.520447 0.0545525 0.51758
7 0.522531 0.0638571 0.518615
8 0.507242 0.0707899 0.502278
9 0.51411 0.0806468 0.507746
10 0.502464 0.0874925 0.494788
11 0.514129 0.0983703 0.50463
12 0.512546 0.106857 0.501283
13 0.541808 0.122214 0.527844
14 0.515505 0.125053 0.500108
15 0.524439 0.136104 0.50647
16 0.540019 0.149253 0.518984
17 0.548862 0.160905 0.524746
18 0.551604 0.170914 0.524457
19 0.540829 0.176549 0.511201
20 0.547437 0.187735 0.51424
Pendents (m), Intersecció (b), Distància entre extrems (m)
0.131794, 0.497363, 0.50332
x_extrem_izq: -0.31127
y_extrem_izq: 0.39234
x_extrem_der: 0.187735
y_extrem_der: 0.458105
Resultats càlculs trigonomètrics:
giro_inicial (radians): 0.151336
giro_inicial (graus): 8.6709
avance: 0.279705
giro_final (radians): -0.0202974
giro_final (graus): -1.16296
alfa (radians): 1.41946
alfa (graus): 81.3291
tecta (radians): 1.43976
tecta (graus): 82.4921
Pdx: -0.0421681
Pdy: 0.276509
M_PI_2: 1.5708
M_PI: 3.14159
