Valores izquierda (0 a -179 grados):
Angle  Modulo  Coord_x Coord_y:
0 0.520244 0 0.520244
-1 0.491173 -0.00859603 0.491098
-2 0.494841 -0.0173178 0.494538
-3 0.508915 -0.0267087 0.508214
-4 0.51164 -0.0357895 0.510386
-5 0.526935 -0.046053 0.524919
-6 0.517608 -0.0542549 0.514756
-7 0.509428 -0.0622558 0.50561
-8 0.533544 -0.0744605 0.528322
-9 0.5291 -0.0829982 0.52255
-10 0.538696 -0.0938015 0.530466
-11 0.532526 -0.10189 0.522688
-12 0.53831 -0.112228 0.526482
-13 0.55516 -0.125226 0.540853
-14 0.554835 -0.134593 0.538262
-15 0.536049 -0.139117 0.517682
-16 0.548134 -0.151496 0.526783
-17 0.56577 -0.165862 0.540912
-18 0.5647 -0.174972 0.536909

Valors dreta (1 a 180 graus):
Angle  Modul  Coord_x Coord_y:
1 0.502517 0.00879457 0.50244
2 0.51193 0.0179159 0.511617
3 0.516145 0.0270881 0.515434
4 0.510448 0.0357061 0.509198
5 0.499024 0.0436136 0.497114
6 0.512588 0.0537288 0.509765
7 0.4886 0.0597105 0.484938
8 0.498445 0.0695621 0.493567
9 0.511719 0.0802717 0.505384
10 0.505479 0.0880175 0.497756
11 0.501591 0.0959715 0.492324
12 0.496418 0.103494 0.48551
13 0.507439 0.114461 0.494361
14 0.491248 0.119168 0.476575
15 0.510072 0.132376 0.492595
16 0.500824 0.13842 0.481315
17 0.50996 0.149501 0.487554
18 0.504674 0.156373 0.479837
19 0.521443 0.170221 0.492877
20 0.516283 0.177051 0.484975
21 0.512212 0.184048 0.478003
22 0.503985 0.189296 0.467085
23 0.502114 0.196709 0.461979
24 0.517237 0.21093 0.472273
25 0.531447 0.225185 0.481382
26 0.534189 0.23478 0.479829
27 0.531654 0.241988 0.47339
28 0.53326 0.250991 0.470499
29 0.530418 0.257806 0.463551
30 0.539211 0.270286 0.466577
31 0.557052 0.287623 0.477054
32 0.56676 0.301085 0.480172
33 0.561462 0.30655 0.47039
34 0.556436 0.311917 0.460791
35 0.568543 0.326895 0.465167
Pendents (m), Intersecció (b), Distància entre extrems (m)
-0.14778, 0.508528, 0.507317
x_extrem_izq: -0.174972
y_extrem_izq: 0.470385
x_extrem_der: 0.326895
y_extrem_der: 0.396219
Resultats càlculs trigonomètrics:
giro_inicial (radians): -0.187423
giro_inicial (graus): -10.7386
avance: 0.289992
giro_final (radians): 0.0407013
giro_final (graus): 2.33201
alfa (radians): 1.38338
alfa (graus): 79.2617
tecta (radians): 1.42408
tecta (graus): 81.5937
Pdx: 0.0540325
Pdy: 0.284914
M_PI_2: 1.5708
M_PI: 3.14159
