Valores izquierda (0 a -179 grados):
Angle  Modulo  Coord_x Coord_y:
0 0.631183 0 0.631183
-1 0.667618 -0.011684 0.667516
-2 0.629958 -0.0220465 0.629573
-3 0.64369 -0.0337819 0.642803
-4 0.633848 -0.044338 0.632295
-5 0.652208 -0.0570016 0.649712
-6 0.645454 -0.0676556 0.641899
-7 0.657973 -0.0804091 0.653042
-8 0.643969 -0.0898712 0.637667
-9 0.658172 -0.103245 0.650024
-10 0.653244 -0.113747 0.643264
-11 0.657592 -0.12582 0.645443
-12 0.651374 -0.1358 0.637061
-13 0.645588 -0.145623 0.62895
-14 0.677877 -0.164441 0.657629
-15 0.694524 -0.180245 0.670728
-16 0.670362 -0.185278 0.644249
-17 0.65906 -0.193212 0.630103
-18 0.692398 -0.214539 0.658322
-19 0.691675 -0.225791 0.653783

Valors dreta (1 a 180 graus):
Angle  Modul  Coord_x Coord_y:
1 0.640144 0.0112032 0.640046
2 0.634446 0.0222035 0.634057
3 0.624202 0.0327591 0.623342
4 0.643955 0.045045 0.642377
5 0.631876 0.0552247 0.629458
6 0.642812 0.0673786 0.639271
7 0.648828 0.0792915 0.643965
8 0.630356 0.0879714 0.624187
9 0.646939 0.101483 0.63893
10 0.648003 0.112835 0.638103
11 0.63674 0.12183 0.624976
12 0.626281 0.130569 0.612519
13 0.645662 0.14564 0.629022
14 0.658588 0.159762 0.638916
15 0.645354 0.167485 0.623242
16 0.650033 0.179659 0.624712
17 0.661687 0.193982 0.632614
18 0.666074 0.206383 0.633294
19 0.653315 0.213269 0.617525
20 0.637603 0.218656 0.598939
21 0.670925 0.241077 0.626116
22 0.657734 0.247044 0.609576
23 0.673088 0.263689 0.619286
Pendents (m), Intersecció (b), Distància entre extrems (m)
-0.0700038, 0.637521, 0.490679
x_extrem_izq: -0.225791
y_extrem_izq: 0.589327
x_extrem_der: 0.263689
y_extrem_der: 0.555062
Resultats càlculs trigonomètrics:
giro_inicial (radians): -0.0200549
giro_inicial (graus): -1.14906
avance: 0.422646
giro_final (radians): -0.0498385
giro_final (graus): -2.85554
alfa (radians): 1.55075
alfa (graus): 88.8512
tecta (radians): 1.50091
tecta (graus): 85.9956
Pdx: 0.00847401
Pdy: 0.422561
M_PI_2: 1.5708
M_PI: 3.14159
