Valores izquierda (0 a -179 grados):
Angle  Modulo  Coord_x Coord_y:
0 0.521796 0 0.521796
-1 0.521465 -0.00912618 0.521385
-2 0.539663 -0.0188864 0.539332
-3 0.544793 -0.0285916 0.544042
-4 0.543024 -0.0379848 0.541694
-5 0.549515 -0.0480265 0.547412
-6 0.541244 -0.0567325 0.538262
-7 0.552157 -0.0674776 0.548019
-8 0.541729 -0.0756029 0.536428
-9 0.540364 -0.0847652 0.533675
-10 0.551945 -0.0961085 0.543513
-11 0.537309 -0.102806 0.527383
-12 0.570603 -0.118961 0.558064
-13 0.577426 -0.130248 0.562545
-14 0.567079 -0.137563 0.550141
-15 0.56644 -0.147005 0.547032
-16 0.567925 -0.156966 0.545802

Valors dreta (1 a 180 graus):
Angle  Modul  Coord_x Coord_y:
1 0.536081 0.00938196 0.535999
2 0.530673 0.0185718 0.530348
3 0.521527 0.0273706 0.520808
4 0.514186 0.0359676 0.512927
5 0.526858 0.0460463 0.524842
6 0.525932 0.0551275 0.523035
7 0.538744 0.0658384 0.534706
8 0.527299 0.073589 0.522139
9 0.540152 0.084732 0.533465
10 0.533027 0.0928144 0.524884
11 0.525736 0.100591 0.516023
12 0.527248 0.109922 0.515662
13 0.517379 0.116704 0.504045
14 0.536362 0.130112 0.520341
15 0.517274 0.134245 0.49955
16 0.525902 0.145352 0.505417
17 0.520318 0.152538 0.497456
18 0.512108 0.158676 0.486905
19 0.49823 0.162643 0.470936
20 0.530457 0.181912 0.49829
21 0.530905 0.190766 0.495448
22 0.542751 0.203856 0.503012
23 0.550712 0.215747 0.506692
24 0.521052 0.212486 0.475757
25 0.534765 0.22659 0.484387
26 0.55352 0.243276 0.497193
27 0.532156 0.242216 0.473837
28 0.555626 0.261518 0.490233
29 0.542553 0.263704 0.474156
30 0.545576 0.273477 0.472084
31 0.550771 0.284379 0.471674
32 0.55165 0.293057 0.46737
33 0.552335 0.301566 0.462744
34 0.569818 0.319419 0.471873
35 0.569327 0.327346 0.465809
Pendents (m), Intersecció (b), Distància entre extrems (m)
-0.184667, 0.52918, 0.4925
x_extrem_izq: -0.156966
y_extrem_izq: 0.494166
x_extrem_der: 0.327346
y_extrem_der: 0.40473
Resultats càlculs trigonomètrics:
giro_inicial (radians): -0.189623
giro_inicial (graus): -10.8646
avance: 0.307453
giro_final (radians): 0.00700998
giro_final (graus): 0.401642
alfa (radians): 1.38118
alfa (graus): 79.1356
tecta (radians): 1.38819
tecta (graus): 79.5372
Pdx: 0.0579504
Pdy: 0.301942
M_PI_2: 1.5708
M_PI: 3.14159
